x0 = 0.2153516
x1 = 0.003069837
x2 = 0.31586647
x3 = -0.024741465
x4 = -0.424563
x5 = -1.1945581
x6 = 0.43457887
x7 = 0.33279648
x8 = -0.12362341
x9 = -0.004167495
x10 = 0.42880586
x11 = 0.2021157
x12 = 8.6050335E-4
x13 = -0.7558906
x14 = 1.0628644
x15 = 0.14721161
x16 = 0.3012656
x17 = 0.5761396
x18 = 0.12542512
x19 = -1.6244652
x20 = 0.23104773
x21 = -0.52415293
x22 = 1.0912559
x23 = -0.208583
x24 = -0.4042635
x25 = 0.898147
x26 = -0.76446295
x27 = -0.2462313
x28 = 0.10557969
x29 = 0.30275375
x30 = -0.6649774
x31 = -0.51309144
x32 = 0.741965
x33 = 0.0838122
x34 = -0.7084937
x35 = -0.096883714
x36 = -0.2505455
x37 = 0.08223118
x38 = 0.1407773
x39 = -0.35887983
x40 = 0.30126908
x41 = 1.0588812
x42 = 0.14030133
x43 = 0.332282
x44 = 0.6121747
x45 = 0.19188274
x46 = 1.0834631
x47 = -0.6063865
x48 = -0.724149
x49 = -0.47033325
x50 = -0.085288055
x51 = 0.009384845
x52 = -0.8377125
x53 = 0.36952946
x54 = -0.2660811
x55 = -0.8845415
x56 = -0.70311946
x57 = -0.19859748
x58 = 0.3191118
x59 = -0.085360415
x60 = -0.007879369
