x0 = 0.21535191
x1 = 0.0030698767
x2 = 0.31586698
x3 = -0.02474142
x4 = -0.42456305
x5 = -1.1945577
x6 = 0.4345789
x7 = 0.33279654
x8 = -0.1236236
x9 = -0.0041672853
x10 = 0.4288057
x11 = 0.20211563
x12 = 8.604685E-4
x13 = -0.75589055
x14 = 1.0628638
x15 = 0.14721194
x16 = 0.3012652
x17 = 0.57613957
x18 = 0.12542504
x19 = -1.624465
x20 = 0.23104775
x21 = -0.52415276
x22 = 1.0912563
x23 = -0.2085829
x24 = -0.40426385
x25 = 0.8981468
x26 = -0.7644627
x27 = -0.24623181
x28 = 0.10557974
x29 = 0.30275372
x30 = -0.6649775
x31 = -0.51309127
x32 = 0.7419642
x33 = 0.083812155
x34 = -0.7084939
x35 = -0.096883684
x36 = -0.2505454
x37 = 0.08223117
x38 = 0.14077796
x39 = -0.3588797
x40 = 0.30126888
x41 = 1.0588809
x42 = 0.14030127
x43 = 0.33228198
x44 = 0.6121745
x45 = 0.19188267
x46 = 1.083463
x47 = -0.60638624
x48 = -0.7241489
x49 = -0.47033328
x50 = -0.08528808
x51 = 0.00938474
x52 = -0.83771247
x53 = 0.3695293
x54 = -0.26608115
x55 = -0.88454163
x56 = -0.70311946
x57 = -0.19859742
x58 = 0.31911185
x59 = -0.085360415
x60 = -0.007879374
