x0 = 0.90966535
x1 = -0.6697839
x2 = 0.3136405
x3 = -0.3968636
x4 = -0.5140307
x5 = 3.841177
x6 = -0.51355064
x7 = -1.2259299
x8 = 0.15873048
x9 = 0.2823938
x10 = 2.1034644
x11 = 0.069140166
x12 = -0.04148008
x13 = 0.3937315
x14 = 1.8808235
x15 = -0.36671263
x16 = -0.16314855
x17 = -0.08710199
x18 = -0.04882055
x19 = -0.38549685
x20 = -0.30350918
x21 = -0.57292986
x22 = -0.52101004
x23 = -0.4420578
x24 = 0.32063448
x25 = -0.3193856
x26 = 0.73109114
x27 = -0.23295602
x28 = -0.054130137
x29 = 0.31712174
x30 = 0.40836403
x31 = -0.07503088
x32 = 0.06733588
x33 = -0.23263778
x34 = 0.40111026
x35 = -0.06709518
x36 = -0.18471435
x37 = 2.3658342
x38 = -0.62358016
x39 = -0.112232395
x40 = -0.67520916
x41 = 0.13757272
x42 = -5.6623397
x43 = -0.3829871
x44 = 0.20883629
x45 = 0.13959497
x46 = -0.37378034
x47 = 0.41120318
x48 = 0.15546638
