x0 = 0.90968084
x1 = -0.66980326
x2 = 0.31363383
x3 = -0.3968441
x4 = -0.51404387
x5 = 3.841333
x6 = -0.5135525
x7 = -1.2258939
x8 = 0.15872924
x9 = 0.2824013
x10 = 2.1034698
x11 = 0.06914193
x12 = -0.04147903
x13 = 0.39373308
x14 = 1.88083
x15 = -0.366713
x16 = -0.16314912
x17 = -0.08710283
x18 = -0.048820175
x19 = -0.38549656
x20 = -0.30350986
x21 = -0.57293075
x22 = -0.5210115
x23 = -0.442059
x24 = 0.32063413
x25 = -0.3193859
x26 = 0.73109335
x27 = -0.23295578
x28 = -0.054131716
x29 = 0.31712323
x30 = 0.40836442
x31 = -0.07503159
x32 = 0.067336135
x33 = -0.23263864
x34 = 0.40111017
x35 = -0.067095056
x36 = -0.1847148
x37 = 2.365838
x38 = -0.6235809
x39 = -0.11223265
x40 = -0.67520916
x41 = 0.13757335
x42 = -5.6623483
x43 = -0.38298878
x44 = 0.20883682
x45 = 0.13959508
x46 = -0.37378043
x47 = 0.411204
x48 = 0.15546606
